m =  0.060221 +/- 277234 L(0.01 - 40) 
n =  1.6058 +/- 67090 L(0.05 - 15) 
n2 =  1.3294 +/- 0.00 L(0.5 - 15) 
bb =  4.2878 +/- 77287 L(5e-06 - 20) 
bb2 =  1.6643 +/- 0.00 L(0.0005 - 10) 
fexp =  0.00046677 +/- 138.89 L(0 - 1) 
T =  0.035954 +/- 8470.2 L(5e-08 - 1) 
