m =  0.92683 +/- 0.84259 L(0.01 - 40) 
n =  0.95180 +/- 0.00 L(0.05 - 15) 
n2 =  0.71460 +/- 0.00 L(0.5 - 15) 
bb =  3.3553 +/- 2.5229 L(5e-06 - 20) 
bb2 =  10.000 +/- 0.00 L(0.0005 - 10) 
fexp =  0.0000 +/- 0.00 L(0 - 1) 
T =  0.0022480 +/- 0.00 L(5e-08 - 1) 
