mup =  1.1856 +/- 0.045527 L(0.01 - 40) 
nup =  0.95180 C L(0.05 - 15) 
n2up =  0.71460 C L(0.5 - 15) 
bbup =  3.3014 +/- 0.067201 L(5e-06 - 20) 
bb2up =  10.000 C L(0.0005 - 10) 
fexpup =  0.0000 C L(0 - 1) 
Tup =  0.0022480 C L(5e-08 - 1) 
