m =  0.063713 +/- 6250.8 L(0.01 - 40) 
n =  1.6141 +/- 0.00 L(0.05 - 15) 
n2 =  1.3294 +/- 0.00 L(0.5 - 15) 
bb =  4.4155 +/- 12913 L(5e-06 - 20) 
bb2 =  1.6643 +/- 0.00 L(0.0005 - 10) 
fexp =  0.00037091 +/- 3.1086 L(0 - 1) 
T =  0.034184 +/- 560.65 L(5e-08 - 1) 
