m =  2.4964 +/- 261.94 L(0.01 - 40) 
n =  0.74357 +/- 28.758 L(0.05 - 15) 
n2 =  0.80610 +/- 0.00 L(0.5 - 15) 
bb =  3.7808 +/- 29.953 L(5e-06 - 20) 
bb2 =  1.7172 +/- 0.00 L(0.0005 - 10) 
fexp =  0.00095993 +/- 0.96988 L(0 - 1) 
T =  0.0025210 +/- 8.3462 L(5e-08 - 1) 
