mup =  0.17674 +/- 0.036251 L(0.01 - 40) 
nup =  5.7560 +/- 0.00 L(0.05 - 15) 
n2up =  0.87380 +/- 0.00 L(0.5 - 15) 
bbup =  2.7461 +/- 0.26860 L(5e-05 - 20) 
bb2up =  0.022400 +/- 0.00 L(0.0005 - 10) 
fexpup =  0.0000 +/- 0.00 L(0 - 1) 
Tup =  0.97241 +/- 0.18496 L(5e-08 - 1) 
