mup =  5.3885 +/- 1.2720 L(0.01 - 40) 
nup =  6.7536 +/- 0.90017 L(0.05 - 15) 
n2up =  0.58410 +/- 0.052760 L(0.5 - 15) 
bbup =  5.6782 +/- 0.54029 L(5e-06 - 20) 
bb2up =  0.022400 C L(0.0005 - 10) 
fexpup =  0.0000 C L(0 - 1) 
Tup =  0.062454 +/- 0.014605 L(5e-08 - 1) 
