mup =  7.5963 +/- 0.0000010644 L(0.01 - 40) 
nup =  5.7560 +/- 0.00 L(0.05 - 15) 
n2up =  0.87380 +/- 0.00 L(0.5 - 15) 
bbup =  0.00011938 L(5e-05 - 20) 
bb2up =  0.022400 +/- 0.00 L(0.0005 - 10) 
fexpup =  0.0000 +/- 0.00 L(0 - 1) 
Tup =  0.0093039 +/- 0.0000000011062 L(5e-08 - 1) 
