mup =  1.0418 +/- 0.17082 L(0.01 - 40) 
nup =  0.95180 +/- 0.00 L(0.05 - 15) 
n2up =  0.71460 +/- 0.00 L(0.5 - 15) 
bbup =  3.1869 +/- 0.14784 L(5e-05 - 20) 
bb2up =  10.000 +/- 0.00 L(0.0005 - 10) 
fexpup =  0.0000 +/- 0.00 L(0 - 1) 
Tup =  0.0022040 +/- 0.00032939 L(5e-08 - 1) 
