m =  3.2608 +/- 329.06 L(0.01 - 40) 
n =  0.76270 +/- 23.457 L(0.05 - 15) 
n2 =  0.80610 +/- 0.00 L(0.5 - 15) 
bb =  3.7102 +/- 21.578 L(5e-06 - 20) 
bb2 =  1.7172 +/- 0.00 L(0.0005 - 10) 
fexp =  0.0021882 +/- 1.1854 L(0 - 1) 
T =  0.0032748 +/- 9.0372 L(5e-08 - 1) 
