mup =  1.3096 +/- 0.20865 L(0.01 - 40) 
nup =  3.5644 +/- 0.42456 L(0.05 - 15) 
n2up =  0.72453 +/- 0.049089 L(0.5 - 15) 
bbup =  0.33506 +/- 0.035606 L(5e-05 - 20) 
bb2up =  0.022400 +/- 0.00 L(0.0005 - 10) 
fexpup =  0.0000 +/- 0.00 L(0 - 1) 
Tup =  0.039575 +/- 0.0060617 L(5e-08 - 1) 
