m =  0.61748 +/- 6.4744 L(0.01 - 40) 
n =  10.939 +/- 0.00 L(0.05 - 15) 
n2 =  1.1448 +/- 0.00 L(0.5 - 15) 
bb =  0.065373 +/- 44.260 L(5e-06 - 20) 
bb2 =  1.0024 +/- 0.00 L(0.0005 - 10) 
fexp =  0.0100000 +/- 0.00 L(0 - 1) 
T =  0.15354 +/- 1.2453 L(5e-08 - 1) 
