m =  1.0444 +/- 717.15 L(0.01 - 40) 
n =  0.95180 +/- 0.00 L(0.05 - 15) 
n2 =  0.71460 +/- 0.00 L(0.5 - 15) 
bb =  3.2252 +/- 123.57 L(5e-06 - 20) 
bb2 =  10.000 +/- 0.00 L(0.0005 - 10) 
fexp =  0.0000 +/- 0.00 L(0 - 1) 
T =  0.0021980 +/- 2.2144 L(5e-08 - 1) 
