m =  0.060305 +/- 8338.1 L(0.01 - 40) 
n =  1.6101 +/- 1887.1 L(0.05 - 15) 
n2 =  1.3294 +/- 0.00 L(0.5 - 15) 
bb =  4.2805 +/- 2589.8 L(5e-06 - 20) 
bb2 =  1.6643 +/- 0.00 L(0.0005 - 10) 
fexp =  0.00039871 +/- 3.8706 L(0 - 1) 
T =  0.036180 +/- 250.05 L(5e-08 - 1) 
