mup =  0.060168 +/- 0.0080510 L(0.01 - 40) 
nup =  1.6137 +/- 0.10159 L(0.05 - 15) 
n2up =  1.3294 C L(0.5 - 15) 
bbup =  4.2787 +/- 0.19834 L(5e-06 - 20) 
bb2up =  1.6643 C L(0.0005 - 10) 
fexpup =  0.00040131 +/- 0.000034229 L(0 - 1) 
Tup =  0.036036 +/- 0.0030694 L(5e-08 - 1) 
