m =  1.1230 +/- 104.45 L(0.01 - 40) 
n =  10.939 +/- 0.00 L(0.05 - 15) 
n2 =  1.1448 +/- 0.00 L(0.5 - 15) 
bb =  0.16025 +/- 18.436 L(5e-06 - 20) 
bb2 =  1.0024 +/- 0.00 L(0.0005 - 10) 
fexp =  0.0100000 +/- 0.00 L(0 - 1) 
T =  0.10878 +/- 2.4216 L(5e-08 - 1) 
