mup =  1.1317 +/- 0.096469 L(0.01 - 40) 
nup =  10.939 C L(0.05 - 15) 
n2up =  1.1448 C L(0.5 - 15) 
bbup =  0.000012898 +/- 0.0000019861 L(5e-06 - 20) 
bb2up =  1.0024 C L(0.0005 - 10) 
fexpup =  0.0100000 C L(0 - 1) 
Tup =  0.10090 C L(5e-08 - 1) 
