m =  0.066757 +/- 178.54 L(0.01 - 40) 
n =  1.6141 +/- 0.00 L(0.05 - 15) 
n2 =  1.3294 +/- 0.00 L(0.5 - 15) 
bb =  4.5520 +/- 133.04 L(5e-06 - 20) 
bb2 =  1.6643 +/- 0.00 L(0.0005 - 10) 
fexp =  0.00027102 +/- 0.084791 L(0 - 1) 
T =  0.031491 +/- 4.6949 L(5e-08 - 1) 
