mup =  1.2703 +/- 0.015386 L(0.01 - 40) 
nup =  5.7560 +/- 0.00 L(0.05 - 15) 
n2up =  0.87380 +/- 0.00 L(0.5 - 15) 
bbup =  0.00055659 L(5e-05 - 20) 
bb2up =  0.022400 +/- 0.00 L(0.0005 - 10) 
fexpup =  0.0000 +/- 0.00 L(0 - 1) 
Tup =  0.099464 +/- 0.00040689 L(5e-08 - 1) 
