m =  2.9557 +/- 387.46 L(0.01 - 40) 
n =  0.78953 +/- 33.614 L(0.05 - 15) 
n2 =  0.80610 +/- 0.00 L(0.5 - 15) 
bb =  3.8012 +/- 31.296 L(5e-06 - 20) 
bb2 =  1.7172 +/- 0.00 L(0.0005 - 10) 
fexp =  0.0022365 +/- 0.63081 L(0 - 1) 
T =  0.0029748 +/- 7.8558 L(5e-08 - 1) 
