m =  3.1455 +/- 138.62 L(0.01 - 40) 
n =  0.75166 +/- 25.153 L(0.05 - 15) 
n2 =  0.80610 C L(0.5 - 15) 
bb =  3.6416 +/- 23.667 L(5e-06 - 20) 
bb2 =  1.7172 C L(0.0005 - 10) 
fexp =  0.0031080 +/- 0.95412 L(0 - 1) 
T =  0.0031734 +/- 4.3709 L(5e-08 - 1) 
