mup =  1.3192 +/- 0.23898 L(0.01 - 40) 
nup =  3.7498 +/- 0.37778 L(0.05 - 15) 
n2up =  0.73071 +/- 0.058191 L(0.5 - 15) 
bbup =  0.13697 +/- 0.015714 L(5e-06 - 20) 
bb2up =  0.022400 C L(0.0005 - 10) 
fexpup =  0.0000 C L(0 - 1) 
Tup =  0.038264 +/- 0.0066485 L(5e-08 - 1) 
