mup =  0.061601 +/- 0.011003 L(0.01 - 40) 
nup =  1.0664 +/- 0.050810 L(0.05 - 15) 
n2up =  1.6047 +/- 0.073550 L(0.5 - 15) 
bbup =  6.3283 +/- 0.30746 L(5e-05 - 20) 
bb2up =  0.022400 +/- 0.00 L(0.0005 - 10) 
fexpup =  0.0000 +/- 0.00 L(0 - 1) 
Tup =  0.013605 +/- 0.0012492 L(5e-08 - 1) 
