mup =  3.2161 +/- 0.48633 L(0.01 - 40) 
nup =  0.76443 +/- 0.028690 L(0.05 - 15) 
n2up =  0.80610 C L(0.5 - 15) 
bbup =  3.7073 +/- 0.18612 L(5e-06 - 20) 
bb2up =  1.7172 C L(0.0005 - 10) 
fexpup =  0.0023730 +/- 0.00015736 L(0 - 1) 
Tup =  0.0032330 +/- 0.00047697 L(5e-08 - 1) 
