mup =  1.3279 +/- 0.38376 L(0.01 - 40) 
nup =  5.7560 C L(0.05 - 15) 
n2up =  0.87380 C L(0.5 - 15) 
bbup =  0.37688 +/- 0.033951 L(5e-06 - 20) 
bb2up =  0.022400 C L(0.0005 - 10) 
fexpup =  0.0000 C L(0 - 1) 
Tup =  0.11308 +/- 0.033535 L(5e-08 - 1) 
