m =  0.68242 +/- 7.6575 L(0.01 - 40) 
n =  10.939 +/- 0.00 L(0.05 - 15) 
n2 =  1.1448 +/- 0.00 L(0.5 - 15) 
bb =  0.082224 +/- 32.643 L(5e-06 - 20) 
bb2 =  1.0024 +/- 0.00 L(0.0005 - 10) 
fexp =  0.0100000 +/- 0.00 L(0 - 1) 
T =  0.14802 +/- 1.9417 L(5e-08 - 1) 
