mup =  1.4960 +/- 0.28348 L(0.01 - 40) 
nup =  3.4523 +/- 0.00 L(0.05 - 15) 
n2up =  0.69100 +/- 0.00 L(0.5 - 15) 
bbup =  0.000084234 +/- 0.0000010002 L(5e-06 - 20) 
bb2up =  0.022400 +/- 0.00 L(0.0005 - 10) 
fexpup =  0.0000 +/- 0.00 L(0 - 1) 
Tup =  0.024147 +/- 0.0046308 L(5e-08 - 1) 
