mup =  1.4611 +/- 0.29553 L(0.01 - 40) 
nup =  3.4523 +/- 0.00 L(0.05 - 15) 
n2up =  0.69100 +/- 0.00 L(0.5 - 15) 
bbup =  0.000091106 +/- 0.0000090042 L(5e-06 - 20) 
bb2up =  0.022400 +/- 0.00 L(0.0005 - 10) 
fexpup =  0.0000 +/- 0.00 L(0 - 1) 
Tup =  0.020557 +/- 0.0045946 L(5e-08 - 1) 
